8.542741699218750000e+02 1.420453929901123047e+01 1.962146162986755371e-02
8.543741455078125000e+02 1.432888126373291016e+01 2.507719397544860840e-02
8.544841308593750000e+02 1.420992565155029297e+01 7.648611813783645630e-02
8.545842285156250000e+02 1.503863906860351562e+01 6.124056130647659302e-02
8.546842651367187500e+02 1.490972518920898438e+01 6.527970731258392334e-02
8.547941894531250000e+02 1.487589550018310547e+01 7.099673151969909668e-02
8.548941650390625000e+02 1.462124729156494141e+01 1.242406815290451050e-01
8.549941406250000000e+02 1.458895683288574219e+01 1.243690848350524902e-01
8.551041870117187500e+02 1.459617900848388672e+01 1.311218440532684326e-01
8.552042846679687500e+02 1.456301784515380859e+01 1.035463437438011169e-01
8.553142089843750000e+02 1.460240745544433594e+01 1.124802157282829285e-01
8.554143066406250000e+02 1.457673072814941406e+01 1.162395998835563660e-01
8.555141601562500000e+02 1.455702972412109375e+01 1.001925170421600342e-01
8.556241455078125000e+02 1.457081413269042969e+01 1.119679808616638184e-01
8.557244262695312500e+02 1.460918045043945312e+01 1.326543539762496948e-01
8.558341674804687500e+02 1.461835002899169922e+01 1.255809366703033447e-01
8.559342041015625000e+02 1.456154823303222656e+01 1.085477396845817566e-01
8.560341796875000000e+02 1.461697864532470703e+01 1.297347545623779297e-01
8.561342163085937500e+02 1.455623626708984375e+01 1.036473885178565979e-01
8.562442626953125000e+02 1.425601291656494141e+01 1.010236442089080811e-01
8.563441772460937500e+02 1.443876934051513672e+01 1.062190756201744080e-01
8.564542236328125000e+02 1.440739822387695312e+01 1.083998978137969971e-01
8.565542602539062500e+02 1.447368621826171875e+01 1.010143905878067017e-01
8.566542358398437500e+02 1.419020843505859375e+01 1.193890944123268127e-01
8.567642822265625000e+02 1.454822826385498047e+01 9.289726614952087402e-02
8.568642578125000000e+02 1.429553604125976562e+01 1.005636677145957947e-01
8.569642333984375000e+02 1.451126956939697266e+01 9.101639688014984131e-02
8.570742797851562500e+02 1.460160064697265625e+01 1.171984151005744934e-01
8.571743164062500000e+02 1.436986732482910156e+01 1.094911694526672363e-01
8.572742919921875000e+02 1.461786079406738281e+01 1.356484740972518921e-01
8.573842773437500000e+02 1.422166347503662109e+01 1.072874441742897034e-01
8.574844360351562500e+02 1.433202838897705078e+01 1.059936583042144775e-01
8.575844726562500000e+02 1.458095645904541016e+01 9.218403697013854980e-02
8.576943359375000000e+02 1.462111854553222656e+01 1.033840700984001160e-01
8.577943115234375000e+02 1.394184684753417969e+01 1.273425668478012085e-01
8.578942871093750000e+02 1.407226371765136719e+01 1.330773234367370605e-01
8.580042724609375000e+02 1.405454826354980469e+01 1.324171274900436401e-01
8.581042480468750000e+02 1.413191127777099609e+01 1.298379302024841309e-01
8.582044067382812500e+02 1.394176769256591797e+01 1.324870288372039795e-01
8.583143310546875000e+02 1.393984317779541016e+01 1.267744153738021851e-01
8.584143676757812500e+02 1.403395557403564453e+01 1.319060027599334717e-01
8.585143432617187500e+02 1.396060657501220703e+01 1.370410621166229248e-01
8.586243286132812500e+02 1.398408317565917969e+01 1.211642399430274963e-01
8.587243652343750000e+02 1.399491977691650391e+01 1.192761361598968506e-01
8.588342895507812500e+02 1.397260189056396484e+01 1.278707683086395264e-01
8.589343261718750000e+02 1.401243877410888672e+01 1.239467114210128784e-01
8.590343627929687500e+02 1.394754409790039062e+01 1.358551830053329468e-01
8.591444091796875000e+02 1.409740734100341797e+01 1.313358694314956665e-01
8.592446289062500000e+02 1.458253669738769531e+01 1.163436472415924072e-01
8.593443603515625000e+02 1.415919876098632812e+01 1.276720017194747925e-01
8.594544067382812500e+02 1.462559127807617188e+01 1.277989596128463745e-01
8.595543212890625000e+02 1.431724834442138672e+01 2.158827893435955048e-02
8.596643676757812500e+02 1.426648712158203125e+01 5.741871148347854614e-02
8.597644042968750000e+02 1.429168033599853516e+01 2.738950029015541077e-02
8.598644409179687500e+02 1.423883914947509766e+01 7.618870586156845093e-02
8.599644165039062500e+02 1.420186233520507812e+01 4.525631666183471680e-02
8.600744018554687500e+02 1.420039272308349609e+01 5.171672999858856201e-02
8.601744384765625000e+02 1.428228569030761719e+01 4.000980034470558167e-02
8.602744140625000000e+02 1.420184516906738281e+01 1.800930500030517578e-02
8.603845825195312500e+02 1.425729179382324219e+01 7.080292701721191406e-02
8.604845581054687500e+02 1.430543613433837891e+01 2.748780883848667145e-02
8.605944213867187500e+02 1.421643161773681641e+01 6.443662941455841064e-02
8.606945800781250000e+02 1.420426177978515625e+01 2.919805981218814850e-02
8.607944946289062500e+02 1.420682621002197266e+01 4.173580557107925415e-02
8.609044189453125000e+02 1.427178859710693359e+01 1.927583478391170502e-02
8.610044555664062500e+02 1.420698451995849609e+01 2.539506740868091583e-02
8.611044921875000000e+02 1.426756191253662109e+01 7.385876029729843140e-02
8.612146606445312500e+02 1.429287433624267578e+01 1.297044940292835236e-02
8.613144531250000000e+02 1.425975513458251953e+01 6.426434218883514404e-02
8.614145507812500000e+02 1.421297550201416016e+01 3.557521104812622070e-02
8.615244750976562500e+02 1.427943229675292969e+01 6.723685562610626221e-02
8.616244506835937500e+02 1.425452232360839844e+01 3.593232110142707825e-02
8.617246093750000000e+02 1.422629165649414062e+01 4.112619906663894653e-02
8.618344726562500000e+02 1.424309444427490234e+01 4.379191994667053223e-02
8.619345092773437500e+02 1.428864479064941406e+01 4.131638258695602417e-02
8.620444946289062500e+02 1.428690338134765625e+01 7.307614199817180634e-03
8.621445312500000000e+02 1.423831176757812500e+01 5.916621908545494080e-02
8.622446289062500000e+02 1.393592357635498047e+01 1.236565783619880676e-01
8.623544921875000000e+02 1.393639183044433594e+01 1.162724420428276062e-01
8.624544677734375000e+02 1.418809890747070312e+01 8.966815471649169922e-02
8.625645141601562500e+02 1.394193744659423828e+01 1.140014678239822388e-01
8.626645507812500000e+02 1.403694725036621094e+01 9.839073568582534790e-02
8.627645874023437500e+02 1.405718803405761719e+01 1.104358136653900146e-01
8.628645629882812500e+02 1.397788047790527344e+01 1.245886683464050293e-01
8.629745483398437500e+02 1.399887752532958984e+01 1.177109703421592712e-01
8.630745239257812500e+02 1.411474323272705078e+01 1.166464686393737793e-01
8.631745605468750000e+02 1.414179325103759766e+01 1.132412925362586975e-01
8.632847290039062500e+02 1.401886272430419922e+01 1.076591387391090393e-01
8.633846435546875000e+02 1.416473484039306641e+01 1.030612662434577942e-01
8.634945068359375000e+02 1.408550071716308594e+01 1.160081028938293457e-01
8.635946044921875000e+02 1.393558406829833984e+01 1.217264086008071899e-01
8.636947021484375000e+02 1.396045207977294922e+01 1.222545355558395386e-01
8.638046264648437500e+02 1.420303630828857422e+01 5.321990326046943665e-02
8.639046020507812500e+02 1.427116012573242188e+01 7.495637238025665283e-02
8.640045776367187500e+02 4.422326087951660156e+00 -4.050729423761367798e-02
8.641145019531250000e+02 4.668151855468750000e+00 -9.173856675624847412e-02
8.642146606445312500e+02 5.066422939300537109e+00 -8.249320089817047119e-03
8.643145751953125000e+02 1.034522247314453125e+01 7.889971137046813965e-02
8.644246215820312500e+02 8.437156677246093750e+00 6.435986608266830444e-02
8.645245971679687500e+02 1.015064430236816406e+01 8.163683861494064331e-02
8.646345825195312500e+02 1.088108253479003906e+01 7.805823534727096558e-02
8.647348022460937500e+02 1.054579830169677734e+01 7.874532788991928101e-02
8.648345947265625000e+02 9.464200973510742188e+00 8.790060877799987793e-02
8.649445800781250000e+02 1.103801441192626953e+01 7.823220640420913696e-02
8.650446166992187500e+02 9.194758415222167969e+00 8.534713834524154663e-02
8.651446533203125000e+02 9.919480323791503906e+00 8.738593757152557373e-02
8.652548828125000000e+02 8.701664924621582031e+00 7.082630693912506104e-02
8.653546752929687500e+02 1.119874954223632812e+01 8.138786256313323975e-02
8.654546508789062500e+02 8.195999145507812500e+00 6.311973184347152710e-02
8.655646362304687500e+02 1.229949188232421875e+01 9.101755172014236450e-02
8.656646728515625000e+02 1.146404743194580078e+01 9.069811552762985229e-02
8.657647094726562500e+02 1.249473953247070312e+01 7.152732461690902710e-02
8.658746948242187500e+02 1.259121608734130859e+01 6.348478794097900391e-02
8.659746704101562500e+02 1.240361022949218750e+01 8.352181315422058105e-02
8.660747070312500000e+02 1.166975498199462891e+01 1.107100397348403931e-01
8.661846923828125000e+02 1.277069377899169922e+01 6.550358235836029053e-02
8.662849121093750000e+02 1.267788314819335938e+01 6.291246414184570312e-02
8.663848266601562500e+02 1.156910037994384766e+01 1.018264666199684143e-01
8.664946899414062500e+02 1.197176837921142578e+01 9.918648004531860352e-02
8.665947265625000000e+02 1.176629924774169922e+01 1.075558140873908997e-01
8.666948242187500000e+02 1.209235954284667969e+01 9.191472828388214111e-02
8.668046875000000000e+02 1.186625099182128906e+01 1.062065660953521729e-01
8.669047241210937500e+02 1.071761322021484375e+01 7.526441663503646851e-02
8.670147094726562500e+02 9.697639465332031250e+00 8.936256915330886841e-02
8.671146240234375000e+02 8.947080612182617188e+00 8.157711476087570190e-02
8.672149047851562500e+02 1.501273822784423828e+01 6.399546563625335693e-02
8.673247070312500000e+02 1.482816410064697266e+01 1.033846139907836914e-01
8.674246826171875000e+02 1.470783519744873047e+01 1.032295823097229004e-01
8.675247192382812500e+02 1.491453742980957031e+01 7.796581089496612549e-02
8.676347045898437500e+02 1.463463878631591797e+01 9.479765594005584717e-02
8.677348022460937500e+02 1.475892543792724609e+01 1.120497807860374451e-01
8.678347167968750000e+02 1.465629005432128906e+01 8.781078457832336426e-02
8.679447631835937500e+02 1.487698173522949219e+01 8.677770942449569702e-02
8.680447387695312500e+02 1.484283828735351562e+01 9.092313796281814575e-02
8.681447753906250000e+02 1.498398780822753906e+01 6.303326785564422607e-02
8.682550048828125000e+02 1.468457794189453125e+01 9.376161545515060425e-02
8.683547363281250000e+02 1.480331993103027344e+01 1.090958714485168457e-01
8.684647216796875000e+02 1.495004653930664062e+01 6.847422569990158081e-02
8.685647583007812500e+02 1.472653484344482422e+01 1.120234876871109009e-01
8.686647949218750000e+02 1.348167800903320312e+01 1.094137430191040039e-01
8.687748413085937500e+02 1.336386489868164062e+01 8.642110228538513184e-02
8.688747558593750000e+02 1.361708545684814453e+01 1.146286800503730774e-01
8.689848632812500000e+02 1.369236373901367188e+01 1.098522245883941650e-01
8.690848388671875000e+02 1.352003955841064453e+01 1.139492020010948181e-01
8.691849975585937500e+02 1.298160648345947266e+01 9.200457483530044556e-02
8.692850341796875000e+02 1.307975673675537109e+01 9.300146251916885376e-02
8.693947753906250000e+02 1.317418670654296875e+01 9.680350124835968018e-02
8.694948120117187500e+02 1.344772815704345703e+01 9.981800615787506104e-02
8.696047973632812500e+02 1.356718730926513672e+01 1.153588443994522095e-01
8.697050170898437500e+02 1.341062927246093750e+01 8.716476708650588989e-02
8.698048095703125000e+02 1.366460704803466797e+01 1.133330613374710083e-01
8.699047851562500000e+02 1.330392265319824219e+01 8.376512676477432251e-02
8.700147705078125000e+02 1.324093151092529297e+01 9.274836629629135132e-02
8.701148071289062500e+02 1.507398605346679688e+01 8.552403748035430908e-02
8.702149658203125000e+02 1.493841361999511719e+01 6.138749048113822937e-02
8.703247680664062500e+02 1.502920818328857422e+01 7.711609452962875366e-02
8.704348144531250000e+02 1.513453388214111328e+01 7.991828024387359619e-02
8.705348510742187500e+02 1.509080696105957031e+01 8.108481764793395996e-02
8.706348266601562500e+02 1.499909687042236328e+01 6.693355739116668701e-02
8.707349243164062500e+02 1.512424278259277344e+01 6.694638729095458984e-02
8.708447875976562500e+02 1.513368988037109375e+01 7.456404715776443481e-02
8.709448242187500000e+02 1.510374736785888672e+01 6.052485853433609009e-02
8.710447998046875000e+02 1.505084991455078125e+01 8.225995302200317383e-02
8.711548461914062500e+02 1.512353801727294922e+01 7.936459779739379883e-02
8.712549438476562500e+02 1.510963249206542969e+01 8.472243696451187134e-02
8.713547973632812500e+02 1.496827220916748047e+01 6.209567561745643616e-02
8.714648437500000000e+02 1.507194995880126953e+01 6.301783025264739990e-02
8.715648803710937500e+02 1.132740592956542969e+01 8.164200931787490845e-02
8.716648559570312500e+02 1.431266975402832031e+01 4.176861792802810669e-02
8.717749023437500000e+02 1.385376262664794922e+01 9.548474103212356567e-02
8.718749389648437500e+02 1.398089981079101562e+01 1.084276512265205383e-01
8.719849243164062500e+02 1.380945205688476562e+01 9.144932776689529419e-02
8.720849609375000000e+02 1.427150630950927734e+01 4.777691140770912170e-02
8.721850585937500000e+02 1.418774223327636719e+01 6.872973591089248657e-02
8.722950439453125000e+02 1.423049640655517578e+01 5.844844505190849304e-02
8.723949584960937500e+02 1.401841068267822266e+01 1.049628108739852905e-01
8.724949340820312500e+02 1.414250564575195312e+01 7.774632424116134644e-02
8.726049194335937500e+02 1.376945495605468750e+01 9.728412330150604248e-02
8.727050781250000000e+02 1.406012439727783203e+01 1.012917682528495789e-01
8.728049316406250000e+02 1.394134140014648438e+01 1.067639514803886414e-01
8.729149169921875000e+02 1.389570808410644531e+01 1.026214659214019775e-01
8.730148925781250000e+02 1.410459899902343750e+01 8.739306032657623291e-02
8.731249389648437500e+02 1.219970512390136719e+01 9.252841770648956299e-02
8.732250976562500000e+02 1.287956619262695312e+01 8.262195438146591187e-02
8.733249511718750000e+02 1.372333145141601562e+01 9.993930906057357788e-02
8.734249267578125000e+02 1.481490230560302734e+01 7.856334000825881958e-02
8.735349731445312500e+02 1.478348255157470703e+01 8.447649329900741577e-02
8.736349487304687500e+02 1.452069759368896484e+01 9.396313130855560303e-02
8.737449951171875000e+02 1.439576530456542969e+01 5.770295113325119019e-02
8.738449096679687500e+02 1.475141525268554688e+01 9.149879217147827148e-02
8.739449462890625000e+02 1.459862613677978516e+01 9.577913582324981689e-02
8.740551147460937500e+02 1.464010906219482422e+01 9.721044450998306274e-02
8.741549682617187500e+02 1.467776870727539062e+01 9.675579518079757690e-02
8.742551879882812500e+02 1.443762111663818359e+01 7.269565761089324951e-02
8.743649902343750000e+02 1.471416759490966797e+01 9.731882065534591675e-02
8.744649658203125000e+02 1.447845268249511719e+01 8.529253304004669189e-02
8.745749511718750000e+02 1.455835437774658203e+01 9.547493606805801392e-02
8.746749877929687500e+02 1.484716701507568359e+01 7.322896271944046021e-02
8.747750244140625000e+02 1.435221672058105469e+01 4.632864147424697876e-02
8.748850097656250000e+02 7.702994346618652344e+00 -9.391795098781585693e-02
8.749849853515625000e+02 7.935548782348632812e+00 -9.628406912088394165e-02
8.750852050781250000e+02 8.117302894592285156e+00 -1.025750115513801575e-01
8.751951904296875000e+02 8.238699913024902344e+00 -1.069853082299232483e-01
8.752950439453125000e+02 8.193349838256835938e+00 -1.081895381212234497e-01
8.753950195312500000e+02 7.801898002624511719e+00 -9.330513328313827515e-02
8.755050048828125000e+02 7.984110355377197266e+00 -9.770915657281875610e-02
8.756049804687500000e+02 7.871935367584228516e+00 -9.606756269931793213e-02
8.757052001953125000e+02 8.079248428344726562e+00 -9.293385595083236694e-02
8.758150634765625000e+02 8.282711982727050781e+00 -1.098142713308334351e-01
8.759150390625000000e+02 8.365443229675292969e+00 -1.024582833051681519e-01
8.760150146484375000e+02 8.034136772155761719e+00 -9.662599861621856689e-02
8.761250610351562500e+02 8.156513214111328125e+00 -1.112557798624038696e-01
8.762252197265625000e+02 4.463987350463867188e+00 -8.292701840400695801e-02
8.763350219726562500e+02 8.327342987060546875e+00 -1.088851317763328552e-01
8.764349975585937500e+02 8.404954910278320312e+00 -1.048396900296211243e-01
8.765350952148437500e+02 7.553183555603027344e+00 -9.746955335140228271e-02
8.766450805664062500e+02 7.142330646514892578e+00 -1.943490467965602875e-02
8.767450561523437500e+02 6.388500690460205078e+00 -5.128470249474048615e-03
8.768450927734375000e+02 6.324365139007568359e+00 -1.726185088045895100e-03
8.769551391601562500e+02 6.983490943908691406e+00 -1.812647283077239990e-02
8.770551757812500000e+02 6.906087875366210938e+00 -1.864013634622097015e-02
8.771551513671875000e+02 6.819051265716552734e+00 -1.169371604919433594e-02
8.772653198242187500e+02 7.288184642791748047e+00 -1.444177608937025070e-02
8.773651123046875000e+02 7.215837955474853516e+00 -1.567841880023479462e-02
8.774650878906250000e+02 6.471275806427001953e+00 -1.147171668708324432e-02
8.775751342773437500e+02 6.639493942260742188e+00 -1.637544669210910797e-02
8.776750488281250000e+02 6.553188800811767578e+00 -1.343274116516113281e-02
8.777852783203125000e+02 7.058680057525634766e+00 -1.524960529059171677e-02
8.778851928710937500e+02 6.735662460327148438e+00 -1.234972663223743439e-02
8.779851684570312500e+02 8.848758697509765625e+00 -8.424676954746246338e-02
8.780952148437500000e+02 8.865694999694824219e+00 -7.277890294790267944e-02
8.781953125000000000e+02 8.793158531188964844e+00 -8.094100654125213623e-02
8.782952270507812500e+02 8.671216964721679688e+00 -5.735595151782035828e-02
8.784051513671875000e+02 8.820736885070800781e+00 -8.916594833135604858e-02
8.785051879882812500e+02 8.893161773681640625e+00 -7.511451840400695801e-02
8.786152343750000000e+02 8.883233070373535156e+00 -6.730727106332778931e-02
8.787153930664062500e+02 8.912783622741699219e+00 -7.197938114404678345e-02
8.788152465820312500e+02 8.905064582824707031e+00 -7.891958951950073242e-02
8.789251708984375000e+02 8.911959648132324219e+00 -6.338088214397430420e-02
8.790252075195312500e+02 8.876527786254882812e+00 -7.228063791990280151e-02
8.791252441406250000e+02 8.761212348937988281e+00 -8.246755599975585938e-02
8.792354125976562500e+02 8.720770835876464844e+00 -8.644697815179824829e-02
8.793352050781250000e+02 8.900048255920410156e+00 -6.440595537424087524e-02
8.794352416992187500e+02 8.743645668029785156e+00 -7.663893699645996094e-02
8.795452270507812500e+02 8.478893280029296875e+00 -1.009615063667297363e-01
8.796452636718750000e+02 8.794139862060546875e+00 -7.581794261932373047e-02
8.797452392578125000e+02 8.839250564575195312e+00 -6.026022881269454956e-02
8.798552246093750000e+02 8.686647415161132812e+00 -8.511460572481155396e-02
8.799552612304687500e+02 8.622695922851562500e+00 -9.050895273685455322e-02
8.800552368164062500e+02 8.516673088073730469e+00 -9.815652668476104736e-02
8.801652221679687500e+02 8.770165443420410156e+00 -7.736297696828842163e-02
8.802654418945312500e+02 8.551945686340332031e+00 -9.289544075727462769e-02
8.803753051757812500e+02 8.439415931701660156e+00 -1.003153547644615173e-01
8.804753417968750000e+02 8.816399574279785156e+00 -6.860104948282241821e-02
8.805752563476562500e+02 8.589598655700683594e+00 -9.146814793348312378e-02
8.806854858398437500e+02 8.653199195861816406e+00 -9.061229228973388672e-02
8.807855224609375000e+02 8.715465545654296875e+00 -8.159255236387252808e-02
8.808853759765625000e+02 4.359397411346435547e+00 -7.003461569547653198e-02
8.809953002929687500e+02 4.361701011657714844e+00 -5.190216004848480225e-02
8.810953979492187500e+02 4.364933967590332031e+00 -4.066762328147888184e-02
8.811953735351562500e+02 4.155579090118408203e+00 -5.257746949791908264e-02
8.813052978515625000e+02 4.379576683044433594e+00 -6.617423146963119507e-02
8.814053344726562500e+02 4.171130180358886719e+00 -8.447434008121490479e-02
8.815153198242187500e+02 4.365026950836181641e+00 -6.168605759739875793e-02
8.816153564453125000e+02 4.353022575378417969e+00 -4.105353355407714844e-02
8.817153930664062500e+02 4.185539245605468750e+00 -4.291336517781019211e-03
8.818253173828125000e+02 4.154067516326904297e+00 -7.882583141326904297e-02
8.819253540039062500e+02 4.343376159667968750e+00 -5.888865888118743896e-02
8.820253295898437500e+02 4.260818958282470703e+00 5.953073501586914062e-03
8.821353149414062500e+02 4.348687648773193359e+00 -4.175615310668945312e-02
8.822354736328125000e+02 4.170232295989990234e+00 -1.972908712923526764e-02
8.823353881835937500e+02 7.932797431945800781e+00 5.934866517782211304e-02
8.824453125000000000e+02 5.910048007965087891e+00 1.061536278575658798e-02
8.825453491210937500e+02 5.502607822418212891e+00 1.897040568292140961e-02
8.826553955078125000e+02 5.314924716949462891e+00 9.566782973706722260e-03
8.827553710937500000e+02 7.694191455841064453e+00 5.319652333855628967e-02
8.828554077148437500e+02 6.355062961578369141e+00 2.630004286766052246e-02
8.829653930664062500e+02 6.563784599304199219e+00 2.483912557363510132e-02
8.830653686523437500e+02 5.165988445281982422e+00 3.259988734498620033e-03
8.831653442382812500e+02 7.212903976440429688e+00 3.405715152621269226e-02
8.832753906250000000e+02 7.462719917297363281e+00 4.051775112748146057e-02
8.833754272460937500e+02 6.145422458648681641e+00 7.182306144386529922e-03
8.834754028320312500e+02 6.991770744323730469e+00 1.289203856140375137e-02
8.835855102539062500e+02 6.786317348480224609e+00 5.720973480492830276e-03
8.836855468750000000e+02 5.699443817138671875e+00 2.043148875236511230e-02
8.837854614257812500e+02 8.502671241760253906e+00 -3.612668067216873169e-02
8.838954467773437500e+02 8.030200958251953125e+00 -1.848732680082321167e-02
8.839954223632812500e+02 8.184631347656250000e+00 -2.644094265997409821e-02
8.841054687500000000e+02 7.866702556610107422e+00 -2.090497314929962158e-02
8.842056274414062500e+02 7.785069942474365234e+00 -2.038498967885971069e-02
8.843054809570312500e+02 8.275930404663085938e+00 -2.321040444076061249e-02
8.844154052734375000e+02 8.106411933898925781e+00 -2.925293892621994019e-02
8.845154418945312500e+02 7.695456027984619141e+00 -1.975391618907451630e-02
8.846254882812500000e+02 7.613451480865478516e+00 -1.530903577804565430e-02
8.847256469726562500e+02 8.561173439025878906e+00 -3.971723839640617371e-02
8.848254394531250000e+02 8.430350303649902344e+00 -2.702224068343639374e-02
8.849254760742187500e+02 7.526835918426513672e+00 -1.862492784857749939e-02
8.850354614257812500e+02 7.945656299591064453e+00 -1.810774207115173340e-02
8.851354370117187500e+02 8.357480049133300781e+00 -2.585058286786079407e-02
8.852356567382812500e+02 8.859354972839355469e+00 -6.941658258438110352e-02
8.853454589843750000e+02 8.612544059753417969e+00 -4.118077456951141357e-02
8.854454345703125000e+02 4.908697605133056641e+00 -6.930992007255554199e-02
8.855554809570312500e+02 4.611280441284179688e+00 -3.050597757101058960e-02
8.856555175781250000e+02 4.645753860473632812e+00 -1.117540001869201660e-01
8.857554931640625000e+02 4.987495422363281250e+00 -1.086209155619144440e-02
8.858654785156250000e+02 4.562720298767089844e+00 1.849408820271492004e-02
8.859655151367187500e+02 4.668222904205322266e+00 -6.501945853233337402e-02
8.860654907226562500e+02 4.680923938751220703e+00 -2.136737294495105743e-02
8.861755371093750000e+02 4.726945400238037109e+00 -5.569092929363250732e-03
8.862755737304687500e+02 5.015380859375000000e+00 -9.951359592378139496e-03
8.863755493164062500e+02 4.809358119964599609e+00 -4.791346192359924316e-02
8.864856567382812500e+02 4.965521812438964844e+00 -2.244565263390541077e-02
8.865855712890625000e+02 4.953100204467773438e+00 -4.319309070706367493e-02
8.866857299804687500e+02 4.493115901947021484e+00 -2.195319347083568573e-02
8.867955322265625000e+02 4.170317173004150391e+00 2.135334908962249756e-02
8.868955078125000000e+02 5.797389507293701172e+00 -1.768715679645538330e-03
8.870055541992187500e+02 6.074828147888183594e+00 -2.137589501217007637e-03
8.871055297851562500e+02 4.721447467803955078e+00 -9.211904369294643402e-03
8.872156372070312500e+02 6.174835681915283203e+00 -6.110221613198518753e-03
8.873155517578125000e+02 4.965551853179931641e+00 -1.454536919482052326e-03
8.874155883789062500e+02 4.215159416198730469e+00 -3.446661308407783508e-02
8.875156250000000000e+02 5.627044200897216797e+00 -1.068217307329177856e-02
8.876255493164062500e+02 4.162838459014892578e+00 -1.303489040583372116e-02
8.877256469726562500e+02 4.516004085540771484e+00 -3.618263080716133118e-02
8.878255615234375000e+02 4.345845699310302734e+00 -5.401920899748802185e-02
8.879356079101562500e+02 5.188001155853271484e+00 -5.630388855934143066e-03
8.880356445312500000e+02 5.953770637512207031e+00 -5.822734907269477844e-03
8.881456298828125000e+02 5.404942035675048828e+00 -1.801242679357528687e-02
8.882457885742187500e+02 7.447708606719970703e+00 -1.803360506892204285e-02
8.883456420898437500e+02 7.371275424957275391e+00 -1.573741436004638672e-02
8.884556274414062500e+02 6.259784698486328125e+00 -5.658415146172046661e-03
8.885556640625000000e+02 4.164161205291748047e+00 5.205201357603073120e-02
8.886556396484375000e+02 1.484981656074523926e+00 -7.487741298973560333e-03
8.887656250000000000e+02 2.969642400741577148e+00 1.774147897958755493e-02
8.888656616210937500e+02 1.150203347206115723e+00 4.904327541589736938e-02
8.889656372070312500e+02 2.768584489822387695e+00 -6.805584300309419632e-03
8.890755615234375000e+02 2.107851028442382812e+00 5.851891264319419861e-02
8.891756591796875000e+02 3.373804807662963867e+00 2.677739970386028290e-02
8.892756958007812500e+02 1.709737181663513184e+00 5.369061604142189026e-02
8.893856201171875000e+02 1.536542415618896484e+00 4.734264686703681946e-02
8.894856567382812500e+02 9.710544943809509277e-01 5.950423330068588257e-02
8.895956420898437500e+02 1.356920599937438965e+00 4.243914410471916199e-02
8.896956787109375000e+02 8.301822543144226074e-01 6.546536087989807129e-02
8.897956542968750000e+02 3.184270858764648438e+00 4.378863424062728882e-02
8.899056396484375000e+02 2.561226129531860352e+00 5.444914568215608597e-03
8.900056152343750000e+02 2.327465772628784180e+00 4.579623416066169739e-02
8.901056518554687500e+02 1.907855510711669922e+00 5.752511322498321533e-02
8.902158813476562500e+02 1.051912978291511536e-01 6.413730978965759277e-02
8.903156127929687500e+02 1.497859358787536621e-01 1.211035810410976410e-02
8.904156494140625000e+02 9.982796013355255127e-02 5.852714180946350098e-02
8.905256347656250000e+02 7.993241399526596069e-02 4.136477038264274597e-02
8.906256103515625000e+02 9.957407414913177490e-02 2.092952281236648560e-02
8.907357177734375000e+02 6.568060070276260376e-02 2.632900513708591461e-02
8.908356933593750000e+02 9.202630817890167236e-02 5.188084393739700317e-02
8.909456787109375000e+02 7.849722355604171753e-02 2.241967432200908661e-02
8.910457153320312500e+02 4.052191734313964844e+00 -4.546228796243667603e-02
8.911456909179687500e+02 4.339904785156250000e+00 -4.071654006838798523e-02
8.912559814453125000e+02 4.006251335144042969e+00 -5.847040191292762756e-02
8.913556518554687500e+02 4.247067928314208984e+00 -3.783550858497619629e-02
8.914556884765625000e+02 4.106713294982910156e+00 -2.681107446551322937e-02
8.915657348632812500e+02 4.344874382019042969e+00 -1.097983494400978088e-02
8.916657104492187500e+02 4.299298286437988281e+00 -7.086469978094100952e-02
8.917658081054687500e+02 4.170786380767822266e+00 -3.326082602143287659e-02
8.918757324218750000e+02 4.236327171325683594e+00 -5.795522034168243408e-02
8.919757690429687500e+02 4.021229743957519531e+00 -3.507372736930847168e-02
8.920758056640625000e+02 3.892709732055664062e+00 -1.303998380899429321e-02
8.921857910156250000e+02 3.736625194549560547e+00 3.314618486911058426e-03
8.922858886718750000e+02 4.313877582550048828e+00 -2.142795175313949585e-02
8.923857421875000000e+02 8.583199232816696167e-02 4.610019549727439880e-02
8.924957275390625000e+02 1.275230795145034790e-01 1.539074443280696869e-02
8.925957641601562500e+02 1.110814213752746582e-01 7.054158300161361694e-02
8.926960449218750000e+02 1.168661192059516907e-01 7.820845395326614380e-02
8.928057250976562500e+02 6.640139222145080566e-02 3.184868395328521729e-02
8.929057617187500000e+02 7.276427745819091797e-02 3.623976185917854309e-02
8.930157470703125000e+02 1.718139946460723877e-01 1.098025217652320862e-02
8.931157226562500000e+02 1.259492933750152588e-01 1.010480746626853943e-01
8.932260131835937500e+02 1.230965703725814819e-01 9.006877988576889038e-02
8.933257446289062500e+02 1.245203465223312378e-01 9.332250058650970459e-02
8.934257202148437500e+02 1.240789592266082764e-01 1.110279187560081482e-01
8.935357666015625000e+02 1.273662745952606201e-01 1.051850989460945129e-01
8.936357421875000000e+02 1.237038895487785339e-01 1.108462736010551453e-01
8.937359008789062500e+02 1.251102387905120850e-01 9.678626805543899536e-02
8.938457641601562500e+02 1.211125552654266357e-01 1.095291301608085632e-01
8.939457397460937500e+02 1.254583001136779785e-01 1.100197732448577881e-01
8.940557861328125000e+02 1.213737055659294128e-01 1.100035384297370911e-01
8.941558227539062500e+02 1.221351996064186096e-01 1.103562489151954651e-01
8.942559204101562500e+02 1.199735626578330994e-01 1.097107827663421631e-01
8.943658447265625000e+02 1.279865354299545288e-01 1.089819595217704773e-01
8.944657592773437500e+02 1.184512898325920105e-01 1.093778163194656372e-01
8.945657958984375000e+02 1.080258786678314209e-01 1.093768775463104248e-01
8.946658935546875000e+02 1.153290048241615295e-01 1.100687235593795776e-01
8.947759399414062500e+02 1.023809313774108887e-01 1.048406660556793213e-01
8.948759155273437500e+02 9.957999736070632935e-02 1.006260514259338379e-01
8.949859008789062500e+02 1.157848238945007324e-01 1.091095358133316040e-01
8.950860595703125000e+02 1.153990179300308228e-01 1.101939678192138672e-01
8.951860961914062500e+02 1.122129634022712708e-01 1.120576113462448120e-01
8.952960815429687500e+02 1.137538179755210876e-01 1.110006049275398254e-01
8.953958740234375000e+02 1.079756841063499451e-01 1.138965114951133728e-01
8.954959106445312500e+02 1.125571504235267639e-01 1.143685802817344666e-01
8.956058959960937500e+02 9.900025278329849243e-02 9.457247704267501831e-02
8.957061157226562500e+02 1.089579164981842041e-01 1.162553057074546814e-01
8.958059692382812500e+02 1.178212538361549377e-01 1.092187985777854919e-01
8.959158935546875000e+02 1.122562959790229797e-01 1.162984147667884827e-01
8.960159301757812500e+02 1.203282251954078674e-01 8.430482447147369385e-02
8.961159057617187500e+02 3.591528654098510742e+00 -8.501584827899932861e-02
8.962261962890625000e+02 3.593837976455688477e+00 -8.640047907829284668e-02
8.963259277343750000e+02 3.887227773666381836e+00 -7.337184250354766846e-02
8.964259643554687500e+02 3.948740959167480469e+00 -4.774488136172294617e-02
8.965358886718750000e+02 4.316563606262207031e+00 -7.219719886779785156e-02
8.966359252929687500e+02 4.131461143493652344e+00 -4.667786136269569397e-02
8.967361450195312500e+02 3.610037565231323242e+00 -3.435212746262550354e-02
8.968460083007812500e+02 3.828888893127441406e+00 -7.712581008672714233e-02
8.969459228515625000e+02 3.791349887847900391e+00 -5.919565260410308838e-02
8.970560302734375000e+02 4.204396247863769531e+00 -6.323330104351043701e-02
8.971560058593750000e+02 3.760855913162231445e+00 -1.034378167241811752e-02
8.972560424804687500e+02 4.038906097412109375e+00 -3.382823243737220764e-02
8.973660278320312500e+02 3.665787696838378906e+00 2.026600018143653870e-02
8.974660034179687500e+02 3.708703279495239258e+00 2.431180514395236969e-02
8.975659790039062500e+02 3.444203436374664307e-01 7.675601541996002197e-02
8.976760253906250000e+02 6.155956387519836426e-01 7.725182920694351196e-02
8.977760620117187500e+02 9.262888878583908081e-02 9.096714109182357788e-02
8.978861694335937500e+02 2.693200409412384033e-01 6.576289981603622437e-02
8.979859619140625000e+02 4.089159965515136719e-01 7.643807679414749146e-02
8.980861816406250000e+02 9.604266285896301270e-02 8.737470209598541260e-02
8.981960449218750000e+02 1.524188816547393799e-01 7.789281010627746582e-02
8.982960205078125000e+02 2.099065482616424561e-01 7.119112461805343628e-02
8.983960571289062500e+02 4.673317372798919678e-01 6.084656715393066406e-02
8.985060424804687500e+02 9.224314987659454346e-02 7.790877670049667358e-02
8.986060180664062500e+02 9.067133814096450806e-02 8.960181474685668945e-02
8.987061157226562500e+02 8.532351255416870117e-02 8.157734572887420654e-02
8.988160400390625000e+02 5.352360010147094727e-01 6.500916182994842529e-02
8.989159545898437500e+02 6.402705609798431396e-02 7.899390906095504761e-02
8.990160522460937500e+02 3.775405645370483398e+00 -2.086520195007324219e-02
8.991260375976562500e+02 3.777229785919189453e+00 -8.845023065805435181e-02
8.992261962890625000e+02 3.772820949554443359e+00 -4.246677458286285400e-02
8.993260498046875000e+02 3.786256074905395508e+00 -4.857197403907775879e-02
8.994360961914062500e+02 3.834918260574340820e+00 -2.552759647369384766e-02
8.995360717773437500e+02 3.624378204345703125e+00 -4.317341372370719910e-02
8.996460571289062500e+02 3.691657543182373047e+00 -6.198431365191936493e-03
8.997460937500000000e+02 3.868796348571777344e+00 -3.186278417706489563e-02
8.998460693359375000e+02 3.915146827697753906e+00 -6.026120856404304504e-02
8.999560546875000000e+02 3.802104234695434570e+00 -4.702970385551452637e-02
9.000560913085937500e+02 1.182093471288681030e-01 1.095311045646667480e-01
9.001560668945312500e+02 5.513700962066650391e+00 -1.043469980359077454e-01
9.002662353515625000e+02 5.735365390777587891e+00 -1.134009808301925659e-01
9.003660888671875000e+02 5.977847576141357422e+00 -1.046079397201538086e-01
9.004661254882812500e+02 6.856047630310058594e+00 -1.098834797739982605e-01
9.005761108398437500e+02 7.233942508697509766e+00 -9.241118282079696655e-02
9.006761474609375000e+02 4.844350337982177734e+00 -9.743351489305496216e-02
9.007761840820312500e+02 4.636216640472412109e+00 -9.077323973178863525e-02
9.008861694335937500e+02 6.427857398986816406e+00 -9.128281474113464355e-02
9.009860839843750000e+02 7.399274349212646484e+00 -1.014653667807579041e-01
9.010961303710937500e+02 7.041086673736572266e+00 -9.335758537054061890e-02
9.011962890625000000e+02 6.657309055328369141e+00 -1.086190417408943176e-01
9.012962036132812500e+02 6.203546524047851562e+00 -9.219503402709960938e-02
9.014061889648437500e+02 5.046547889709472656e+00 -9.942685067653656006e-02
9.015061645507812500e+02 5.266680717468261719e+00 -9.831846505403518677e-02
9.016062011718750000e+02 9.724149852991104126e-02 9.255331009626388550e-02
9.017164306640625000e+02 7.084753513336181641e-01 6.944268196821212769e-02
9.018161621093750000e+02 3.569456100463867188e+00 8.100725710391998291e-03
9.019161376953125000e+02 4.155023097991943359e+00 -4.428754746913909912e-02
9.020261840820312500e+02 3.766163587570190430e+00 -8.315933495759963989e-02
9.021261596679687500e+02 3.724787235260009766e+00 -3.031066432595252991e-02
9.022364501953125000e+02 3.746797561645507812e+00 -5.916156992316246033e-02
9.023362426757812500e+02 3.650234460830688477e+00 -2.088749781250953674e-03
9.024362182617187500e+02 3.961000204086303711e+00 -5.972957983613014221e-02
9.025462036132812500e+02 3.606647491455078125e+00 -7.251431047916412354e-02
9.026461181640625000e+02 9.741613268852233887e-01 -3.076504450291395187e-03
9.027462158203125000e+02 2.682307958602905273e-01 2.122712554410099983e-03
9.028562622070312500e+02 2.368934750556945801e-01 1.024989527650177479e-03
9.029562377929687500e+02 1.356028795242309570e+00 -2.404513210058212280e-02
9.030562744140625000e+02 7.043869495391845703e-01 -1.110953371971845627e-02
9.031661987304687500e+02 3.723349869251251221e-01 -1.000584010034799576e-02
9.032663574218750000e+02 1.109091162681579590e+00 -5.060950294137001038e-03
9.033662109375000000e+02 8.466817736625671387e-01 -1.235849503427743912e-02
9.034761962890625000e+02 1.233909487724304199e+00 -1.821499876677989960e-02
9.035761718750000000e+02 1.936093717813491821e-01 5.436193663626909256e-03
9.036862792968750000e+02 5.776675939559936523e-01 -1.260803081095218658e-02
9.037863769531250000e+02 3.088398277759552002e-01 -4.258768167346715927e-03
9.038862304687500000e+02 4.693733751773834229e-01 -1.105620712041854858e-02
9.039962158203125000e+02 2.140082716941833496e-01 2.040297549683600664e-04
